00001100000000000000000000000011
00111100000000100011000000111001
00001000000000000000000000100100
10001100000000010000000000001000
10001100000000010000000000001100
10001100000000100000000000010000
00000000001000100001100000100000
00000000001000100001100000100100
00100000000000110000000000000110
00000000001000100010000000100010
00000000000000010000100001000000
00000000000000110001100011000000
00000000011000010000100000100101
00100100000000100000000000000110
00101000001000010000000000000001
00110100010000010000000000000001
00000000010000110000100000000100
00000000001000100001100000100001
00000000001000100001100000100010
00000000001000100001100000100011
00000000001000100001100000100101
00000000001000100001100000100110
00000000001000100001100000100111
00000000001000100001100000101010
00000000000000010000100001000011
10101100000000100000000000000100
00000000000000100000100000101011
00000000000000100001000010000010
00000000010000100001000000000111
00111000010000100000000000000010
00101100010000010000000000000100
00010000101000000000000000000001
00010100101000000000000000000001
00000011111000000000000000001000
00000000001000010000100000100110
00100000001000010000001010011010